225,596,745,960: 40.493976, -80.261776: 1
317,659,593,768: 40.493976, -80.261776: 1
387,685,503,633: 40.493976, -80.261776: 1
441,698,422,527: 40.493976, -80.261776: 1
482,711,370,444: 40.494071, -80.261782: 1
524,728,322,387: 40.494071, -80.261782: 1
549,736,280,342: 40.494071, -80.261782: 1
570,743,256,302: 40.494071, -80.261782: 1
604,752,227,276: 40.494165, -80.261773: 1
623,764,198,246: 40.494165, -80.261773: 1
642,770,182,213: 40.494165, -80.261773: 1
649,774,158,195: 40.494165, -80.261773: 1
661,779,144,179: 40.494254, -80.261773: 1
670,783,129,169: 40.494254, -80.261773: 1
679,785,119,152: 40.494254, -80.261773: 1
583,1001,855,960: 40.493971, -80.261560: 2
634,981,692,881: 40.493971, -80.261560: 2
663,953,572,711: 40.493971, -80.261560: 2
689,920,485,589: 40.493971, -80.261560: 2
708,904,420,507: 40.494064, -80.261558: 2
719,898,363,431: 40.494064, -80.261558: 2
732,893,322,375: 40.494064, -80.261558: 2
740,891,284,344: 40.494064, -80.261558: 2
748,892,249,292: 40.494159, -80.261555: 2
758,890,224,260: 40.494159, -80.261555: 2
760,885,202,238: 40.494159, -80.261555: 2
769,881,186,216: 40.494159, -80.261555: 2
770,883,167,197: 40.494239, -80.261548: 2
775,881,149,177: 40.494239, -80.261548: 2
783,877,133,156: 40.494239, -80.261548: 2
984,1091,183,206: 40.494239, -80.261548: 3
997,1106,198,230: 40.494239, -80.261548: 3
1006,1126,220,256: 40.494239, -80.261548: 3
1018,1149,246,278: 40.494239, -80.261548: 3
1036,1170,263,307: 40.494159, -80.261555: 3
1048,1203,291,331: 40.494159, -80.261555: 3
1066,1238,320,379: 40.494159, -80.261555: 3
1091,1257,365,428: 40.494159, -80.261555: 3
1116,1280,412,484: 40.494064, -80.261558: 3
1143,1280,473,542: 40.494064, -80.261558: 3
1167,1280,527,615: 40.494064, -80.261558: 3
