0,81,348,443: 0,0: 4
9,153,326,387: 0,0: 4
57,202,291,345: 0,0: 4
120,255,265,310: 0,0: 4
167,290,248,281: 0,0: 4
212,326,223,260: 0,0: 4
250,354,209,240: 0,0: 4
286,377,197,227: 0,0: 4
307,391,181,209: 0,0: 4
328,411,169,195: 0,0: 4
47,264,381,467: 0,0: 3
122,314,339,400: 0,0: 3
183,352,304,357: 0,0: 3
239,379,278,324: 0,0: 3
275,403,254,294: 0,0: 3
322,429,237,265: 0,0: 3
341,452,222,250: 0,0: 3
364,467,205,233: 0,0: 3
384,479,191,214: 0,0: 3
406,500,173,202: 0,0: 3
471,691,418,517: 0,0: 2
496,687,374,434: 0,0: 2
517,687,329,387: 0,0: 2
544,692,306,344: 0,0: 2
562,698,274,320: 0,0: 2
580,700,258,288: 0,0: 2
590,701,240,267: 0,0: 2
606,708,223,249: 0,0: 2
615,709,207,231: 0,0: 2
619,709,191,218: 0,0: 2
666,895,448,533: 0,0: 1
675,881,394,466: 0,0: 1
678,868,348,410: 0,0: 1
685,857,311,372: 0,0: 1
692,845,286,328: 0,0: 1
697,831,270,303: 0,0: 1
700,817,248,277: 0,0: 1
701,809,211,237: 0,0: 1
703,810,230,257: 0,0: 1
706,803,193,221: 0,0: 1
